version https://git-lfs.github.com/spec/v1
oid sha256:a1bc0c573d3ed5f5f2bc8f1c4dc2d16c02730ebb7596ad4a12dc49a480b76c28
size 6312
