version https://git-lfs.github.com/spec/v1
oid sha256:34500dbebb68ee580268af02a34c2778d61b1457e3947e88578147565c918658
size 192320
