version https://git-lfs.github.com/spec/v1
oid sha256:a2b7e98813b4aaa013403c5b4a1acaf7bfa661a1f7874ec35dab430fa52bc264
size 226032
